-2.509198    -8.966366    -1.297908    0.010000
9.014286    0.627093    0.775497    0.010000
4.639879    0.812702    2.457039    0.010000
1.973170    2.748598    0.652638    0.010000
-6.879627    4.521827    -1.885834    0.010000
-6.880110    9.517042    2.354377    0.010000
-8.838328    0.326007    -3.063168    0.010000
7.323523    -3.540871    -0.322807    0.010000
2.022300    5.903724    -5.263354    0.010000
4.161452    -4.583355    -1.645755    0.010000
-9.588310    -1.220572    -0.926982    0.010000
9.398197    -8.430872    2.230251    0.010000
6.648853    -9.492985    -4.213349    0.010000
-5.753218    9.252968    3.477590    0.010000
-6.363501    6.719602    -1.649390    0.010000
-6.331910    3.919484    -2.625218    0.010000
-3.915155    -1.820941    -0.759067    0.010000
0.495129    -6.534114    -1.033296    0.010000
-1.361100    -6.871259    -2.707129    0.010000
-4.175417    -4.995142    3.843036    0.010000
2.237058    0.984533    -0.368409    0.010000
-7.210123    4.291918    -2.380257    0.010000
-4.157107    3.203948    1.079423    0.010000
-2.672763    -4.401322    2.494362    0.010000
-0.878600    9.097306    -1.844184    0.010000
5.703519    4.757938    0.359803    0.010000
-6.006524    1.087081    -3.480957    0.010000
0.284689    2.234415    -0.529057    0.010000
1.848291    -1.607999    0.979856    0.010000
-9.070992    -5.045380    0.296433    0.010000
2.150897    -2.880546    1.246596    0.010000
-6.589518    5.156922    -0.849431    0.010000
-8.698968    -9.712130    -0.689959    0.010000
8.977711    -7.678547    2.636623    0.010000
9.312641    -9.079947    0.923498    0.010000
6.167947    -9.185424    -1.978706    0.010000
-3.907725    7.109212    -0.656906    0.010000
-8.046558    4.073157    -2.182610    0.010000
3.684661    -0.516523    1.280657    0.010000
-1.196950    -8.043317    -0.852998    0.010000
-7.559235    -0.167682    -2.400901    0.010000
-0.096462    -0.530565    -1.474235    0.010000
-9.312230    -6.535963    -1.609729    0.010000
8.186408    -1.322967    1.546422    0.010000
-4.824400    -2.029905    -1.514621    0.010000
3.250446    2.317002    0.913526    0.010000
-3.765778    2.701873    2.021356    0.010000
0.401360    -9.093920    0.482455    0.010000
0.934206    -2.507748    1.302497    0.010000
-6.302911    2.517198    -1.981049    0.010000
9.391693    0.062725    0.216404    0.010000
5.502656    7.129797    -0.238671    0.010000
8.789979    3.173873    -0.248044    0.010000
7.896547    -6.741311    4.578702    0.010000
1.958000    -8.588625    -1.107799    0.010000
8.437485    2.848386    -0.584032    0.010000
-8.230150    -9.469774    -0.533262    0.010000
-6.080343    1.715512    -3.121459    0.010000
-9.095454    8.804605    -1.160715    0.010000
-3.493393    1.509484    3.105316    0.010000
-2.226454    -2.236601    0.410848    0.010000
-4.573019    2.865764    0.501150    0.010000
6.574750    -0.834942    1.605331    0.010000
-2.864933    0.912336    1.589742    0.010000
-4.381310    8.829296    1.435298    0.010000
0.853922    -2.277947    1.064589    0.010000
-7.181516    9.223811    1.813668    0.010000
6.043940    8.107013    0.613231    0.010000
-8.508987    -6.084177    -0.685729    0.010000
9.737739    -8.612774    2.327625    0.010000
5.444895    -7.984440    3.358157    0.010000
-6.025686    -9.635563    -2.435873    0.010000
-9.889558    -8.111141    -2.008345    0.010000
6.309229    3.660135    -1.934093    0.010000
4.137147    -8.576227    0.565981    0.010000
4.580143    -3.620487    -0.681933    0.010000
5.425407    6.897506    0.092564    0.010000
-8.519107    -9.534561    -0.586750    0.010000
-2.830685    6.289370    -1.240890    0.010000
-7.682619    -4.362905    0.014442    0.010000
7.262069    -7.636703    3.951393    0.010000
2.465963    3.934743    0.720885    0.010000
-3.382040    2.578857    2.862315    0.010000
-8.728833    7.549440    0.946657    0.010000
-3.780354    4.701421    1.795563    0.010000
-3.496334    6.069619    -0.587124    0.010000
4.592124    -4.359309    -1.663162    0.010000
2.751149    -6.451209    -1.842896    0.010000
7.744255    5.012295    0.709469    0.010000
-0.555701    6.136695    -3.926675    0.010000
-7.608115    9.810103    -0.713534    0.010000
4.264896    -1.747646    1.025561    0.010000
5.215701    -2.559638    0.038021    0.010000
1.225544    5.528259    -5.263787    0.010000
5.419344    -3.183929    -0.841076    0.010000
-0.124088    8.615147    -0.973336    0.010000
0.454657    7.168255    -4.103259    0.010000
-1.449180    -1.420119    0.097124    0.010000
-9.491617    5.017421    -1.747872    0.010000
-7.842171    5.090857    -1.991803    0.010000
-9.371416    -7.937523    -2.219063    0.010000
2.728208    8.051058    -4.192378    0.010000
-3.712880    0.105047    -0.274127    0.010000
0.171414    6.529149    -4.723058    0.010000
8.151329    -3.599008    -0.179955    0.010000
-5.014155    7.910465    -0.670403    0.010000
-1.792342    -2.215966    0.389280    0.010000
5.111023    -9.783247    -3.887471    0.010000
-5.424037    8.107640    -0.598350    0.010000
-8.460402    -8.174266    -1.319242    0.010000
-4.204971    -3.613727    1.552767    0.010000
-6.775574    9.001239    2.581933    0.010000
8.593953    9.012143    2.189647    0.010000
6.162408    1.468758    2.056493    0.010000
2.668075    2.636744    1.164200    0.010000
7.429212    -1.031090    1.693707    0.010000
6.073442    -4.135785    -1.335066    0.010000
-6.268599    -3.426709    -1.711825    0.010000
7.851180    3.450369    -0.728715    0.010000
0.786845    5.047491    -4.645159    0.010000
6.148803    5.831581    2.015471    0.010000
7.921826    5.792363    1.823032    0.010000
-3.639931    -8.175878    -4.523877    0.010000
-7.798962    -0.111594    -2.502908    0.010000
-5.441297    -8.848825    -3.247318    0.010000
-1.457844    0.990578    0.347263    0.010000
6.360295    -1.169390    1.398811    0.010000
7.214612    7.754084    3.021465    0.010000
-9.860957    -2.981700    -2.441332    0.010000
0.214946    -7.658660    -1.061802    0.010000
-1.651780    -7.140166    -2.920865    0.010000
-5.557844    5.230213    0.055478    0.010000
-7.602693    2.364361    -1.092392    0.010000
-3.247697    -7.977546    -4.054759    0.010000
8.858194    -8.317864    1.718491    0.010000
-3.535941    4.019383    1.697451    0.010000
0.375812    -8.544740    0.098683    0.010000
4.060379    6.437201    -2.639122    0.010000
-2.727408    4.124845    1.269798    0.010000
9.435642    -8.373024    2.358159    0.010000
9.248946    -8.303246    2.227992    0.010000
-4.964354    9.732792    4.039393    0.010000
-0.055030    -2.514584    0.679211    0.010000
-3.982434    -2.587157    -1.165498    0.010000
-4.303190    6.255991    -0.907663    0.010000
-9.262261    8.944972    -1.417785    0.010000
2.191287    9.720021    1.039706    0.010000
0.053580    5.067564    -4.347299    0.010000
-8.970425    -2.474808    -2.861530    0.010000
-4.427071    -8.329986    -4.497582    0.010000
8.165318    5.542938    1.449133    0.010000
-5.208762    1.168085    -1.522913    0.010000
-7.102103    -1.515560    -2.405168    0.010000
-0.210945    8.127088    -1.179960    0.010000
9.713009    -7.776050    2.904332    0.010000
-5.158895    -0.147498    -0.788396    0.010000
3.442711    -9.772927    -3.457130    0.010000
5.232392    -0.626787    1.701369    0.010000
-5.247249    -8.873934    -3.739105    0.010000
4.564327    -7.623642    2.159290    0.010000
-2.644337    -7.649475    -3.365734    0.010000
2.646117    2.984206    1.172617    0.010000
2.670594    4.920898    -0.811855    0.010000
0.715494    1.667375    -0.172183    0.010000
-8.194205    9.243451    -1.155097    0.010000
6.706050    -2.502588    -0.272772    0.010000
-3.584399    -4.285758    4.033028    0.010000
-6.269630    7.371983    -1.882982    0.010000
-9.184497    -5.528083    0.119287    0.010000
1.817859    9.264451    0.109646    0.010000
3.551287    -9.756911    -3.448561    0.010000
-9.668243    9.397577    -0.456994    0.010000
0.241861    -9.136802    0.731047    0.010000
-5.470084    7.822862    -1.174868    0.010000
2.903456    0.554022    -0.167606    0.010000
-6.512671    9.859296    3.048293    0.010000
3.818755    -8.524069    0.425302    0.010000
-2.265293    1.077086    1.868238    0.010000
8.734600    9.386051    0.849017    0.010000
-7.249581    0.461957    -3.852951    0.010000
-3.178673    2.587973    3.113322    0.010000
-7.730530    3.914974    -2.422389    0.010000
8.493872    -0.909179    1.468583    0.010000
7.546787    2.551162    -0.351905    0.010000
-4.841167    1.686286    -0.331124    0.010000
3.199681    8.023160    -4.195864    0.010000
6.344444    -9.091072    -1.630908    0.010000
1.104016    -4.380736    -0.398915    0.010000
0.593012    9.008230    -0.668822    0.010000
-5.162954    7.805276    -0.955602    0.010000
-8.137945    -0.886865    -1.493980    0.010000
7.944315    2.402652    -0.421472    0.010000
8.008361    -4.452376    -0.355288    0.010000
2.662029    -6.237577    -1.487996    0.010000
-3.219404    -0.726032    0.270523    0.010000
-3.015809    -2.932955    1.180833    0.010000
4.519114    1.673122    1.738470    0.010000
7.942205    -8.445307    0.612142    0.010000
7.741728    9.487896    1.871420    0.010000
5.597511    9.724215    3.419794    0.010000
2.840633    3.963234    0.997562    0.010000
-8.317201    0.721927    -3.483675    0.010000
-6.767426    -3.809448    -0.975317    0.010000
7.971084    6.275900    2.479455    0.010000
2.128581    3.694623    0.555874    0.010000
-9.816059    -6.747661    -1.382059    0.010000
-7.970569    8.218544    1.192106    0.010000
3.270035    6.450745    -4.912738    0.010000
-9.898768    8.995998    -0.573824    0.010000
-6.783839    4.514390    -1.813159    0.010000
0.974676    2.268304    -0.268548    0.010000
3.837904    -1.635139    1.222995    0.010000
3.039225    8.654570    -1.542604    0.010000
-5.514614    7.321278    -1.565197    0.010000
4.243584    -9.095627    -1.161917    0.010000
-5.255018    -9.472661    -3.344564    0.010000
-3.492006    -2.470733    -0.591154    0.010000
4.929828    6.211067    0.683484    0.010000
2.992658    9.745523    1.561952    0.010000
6.984468    -6.991662    4.723565    0.010000
3.152258    1.882614    0.536175    0.010000
1.366172    -2.382183    1.453831    0.010000
-8.126505    9.398288    -1.381572    0.010000
-2.645684    6.842378    -1.502109    0.010000
-4.695953    6.766574    -1.187833    0.010000
-5.120207    -0.626137    -0.625214    0.010000
9.460211    -1.703610    1.748798    0.010000
-2.138046    -4.531859    0.942034    0.010000
7.840931    -8.872490    -0.998968    0.010000
2.622773    7.294448    -6.535379    0.010000
5.896226    6.258020    2.121650    0.010000
0.052742    9.994353    -0.883239    0.010000
1.538078    9.932737    0.618012    0.010000
-0.149646    1.108634    -0.770979    0.010000
-6.095140    5.379748    -0.353695    0.010000
4.449042    8.895315    0.721551    0.010000
-4.384553    6.992948    -0.953674    0.010000
-9.513681    -5.053038    0.307362    0.010000
2.909446    -0.989117    0.930314    0.010000
-6.457786    -7.416812    1.287117    0.010000
8.809172    9.081021    1.935988    0.010000
9.078572    2.123493    0.330243    0.010000
8.297288    -5.427144    2.954034    0.010000
-2.596826    3.434014    1.342352    0.010000
-9.690868    2.362565    1.841344    0.010000
8.566371    -2.836746    0.187788    0.010000
-1.436317    -7.728848    -2.161908    0.010000
9.333096    3.431464    0.401978    0.010000
9.272400    0.406154    0.404834    0.010000
7.060189    5.446368    1.467639    0.010000
-4.111022    0.403270    -0.089141    0.010000
-2.298045    7.043630    -1.621466    0.010000
7.022733    1.038137    1.278673    0.010000
-3.661560    1.218759    2.176784    0.010000
-6.610145    7.533072    -1.517018    0.010000
1.136025    -1.930343    0.822673    0.010000
8.723095    -7.319695    3.195050    0.010000
3.920596    -9.424346    -2.512915    0.010000
1.401223    5.102745    -4.180119    0.010000
-8.056470    2.406191    -0.386214    0.010000
2.300145    4.081595    0.329053    0.010000
9.801077    -5.740717    4.098953    0.010000
-7.198320    -7.272570    1.157750    0.010000
0.366593    -9.709107    1.007380    0.010000
7.547461    -2.988249    -0.177080    0.010000
4.815372    1.798354    1.845684    0.010000
3.940315    -2.155119    1.035532    0.010000
4.049682    -1.250502    1.280993    0.010000
-2.810177    8.083174    0.371371    0.010000
-4.128163    -3.034891    -0.429311    0.010000
6.187223    0.279790    1.989805    0.010000
6.202268    5.673060    1.824515    0.010000
7.341446    -2.069144    0.544453    0.010000
8.264811    2.441734    -0.468188    0.010000
0.226848    7.247274    -3.650099    0.010000
0.030326    8.990412    -1.200612    0.010000
5.965904    -7.058530    3.855215    0.010000
2.999279    8.531753    -2.089370    0.010000
4.039338    -0.157674    1.603229    0.010000
5.915853    -4.835112    -2.228368    0.010000
7.800107    -0.817285    1.680418    0.010000
-3.240097    9.600652    1.314484    0.010000
-2.488341    -0.147638    -0.087422    0.010000
-8.120361    -3.424968    -1.489329    0.010000
1.565603    2.668017    0.202310    0.010000
-9.281155    -5.197088    0.342905    0.010000
-0.688040    -8.482733    0.949290    0.010000
0.852893    -7.422406    -1.530311    0.010000
-4.269175    -7.439083    -2.194612    0.010000
1.816665    -6.961946    -1.727085    0.010000
-9.389995    -7.223457    -2.163167    0.010000
-9.253036    2.817495    1.415012    0.010000
6.452011    -6.362398    2.338083    0.010000
-2.796187    -3.086654    1.869212    0.010000
-7.458790    7.935768    0.572435    0.010000
0.444865    -0.520767    -1.630067    0.010000
5.399871    3.351155    -1.195884    0.010000
-5.683579    -6.553603    2.063047    0.010000
2.457810    -6.154220    -1.050288    0.010000
-8.293051    -9.182628    -0.367899    0.010000
