-15.730472    -0.651175    0.100000
7.373705    -1.354448    0.100000
1.398505    -0.214984    0.100000
-5.232517    0.490210    0.100000
-3.495414    1.673053    0.100000
3.513899    -0.525065    0.100000
8.642952    -0.195694    0.100000
-13.066638    0.352040    0.100000
-17.330308    1.918580    0.100000
0.027155    -0.453549    0.100000
-2.714112    -1.803343    0.100000
17.867037    0.147748    0.100000
-3.349605    1.543371    0.100000
-10.101213    -0.568314    0.100000
-3.834326    1.111594    0.100000
5.370363    -0.081627    0.100000
3.350531    -0.915571    0.100000
11.284175    0.755437    0.100000
4.674808    -0.288705    0.100000
5.110666    -0.003037    0.100000
-5.205235    0.431367    0.100000
-13.264932    -0.051805    0.100000
9.812842    1.308201    0.100000
-4.183356    0.057293    0.100000
6.421355    0.793143    0.100000
-7.254230    2.069866    0.100000
-17.221156    2.001661    0.100000
-18.043904    1.069050    0.100000
-2.334146    -0.741208    0.100000
8.057837    -1.798138    0.100000
11.534910    0.535206    0.100000
-10.506599    -0.341403    0.100000
6.043723    0.740806    0.100000
14.819703    -0.870749    0.100000
-11.580474    -0.052083    0.100000
-14.804352    0.889934    0.100000
12.220433    0.045556    0.100000
-18.397253    1.890547    0.100000
-5.557919    0.439893    0.100000
7.046994    -0.516817    0.100000
13.090530    -0.048581    0.100000
-2.540260    -1.891861    0.100000
-16.839896    2.082885    0.100000
-16.258482    0.895999    0.100000
7.695226    -1.670268    0.100000
11.792852    -0.002765    0.100000
-7.105171    1.726899    0.100000
-4.903491    -0.107358    0.100000
9.314186    2.261503    0.100000
-8.940483    0.020303    0.100000
-10.315327    -0.464206    0.100000
-9.154850    0.688473    0.100000
-13.465237    -0.760658    0.100000
-18.111641    1.059740    0.100000
13.432189    0.478215    0.100000
15.764835    0.001065    0.100000
3.920736    -0.196589    0.100000
-5.820015    0.023228    0.100000
-16.905026    2.194102    0.100000
-13.045403    0.340587    0.100000
-12.850441    0.841487    0.100000
-3.279208    1.256362    0.100000
15.746610    0.050413    0.100000
-9.548433    0.673270    0.100000
5.888146    0.523091    0.100000
15.776444    0.275379    0.100000
2.880762    -1.349589    0.100000
-15.897464    -0.497652    0.100000
4.715228    -0.169659    0.100000
4.963583    0.138690    0.100000
7.894527    -1.599140    0.100000
8.283453    -1.405158    0.100000
-8.142495    0.680951    0.100000
-7.016948    1.532997    0.100000
-9.012844    0.294558    0.100000
2.669177    -0.506216    0.100000
-16.858309    2.154613    0.100000
-2.095380    0.198076    0.100000
12.966773    -0.063127    0.100000
13.367299    0.274902    0.100000
-4.069323    0.394374    0.100000
-5.425273    0.420327    0.100000
-13.188353    -0.029324    0.100000
-14.762439    0.734452    0.100000
-12.071932    0.032617    0.100000
-0.207929    -0.349565    0.100000
9.558165    2.112735    0.100000
-14.376277    -0.483540    0.100000
-15.029481    1.404256    0.100000
-12.681579    0.792279    0.100000
10.013067    0.184605    0.100000
10.748773    0.064250    0.100000
12.905500    -0.143125    0.100000
6.000818    0.537290    0.100000
15.652873    -0.034837    0.100000
12.688256    -0.114634    0.100000
5.938043    0.379457    0.100000
-14.397872    -0.375802    0.100000
-1.150740    -0.282842    0.100000
-10.917059    -0.213712    0.100000
2.510579    -0.021894    0.100000
10.325900    -0.786626    0.100000
1.986066    1.502324    0.100000
10.349948    -0.717999    0.100000
2.032960    1.417396    0.100000
-0.809346    -0.033706    0.100000
8.307035    -1.380627    0.100000
0.240731    -0.527623    0.100000
-19.387438    0.161664    0.100000
16.868412    0.682163    0.100000
19.550634    1.183499    0.100000
6.606734    0.484618    0.100000
-4.124136    0.134336    0.100000
-15.701592    -0.438132    0.100000
3.071996    -1.231313    0.100000
7.741259    -1.733037    0.100000
13.954500    1.213168    0.100000
-11.223922    -0.469461    0.100000
-7.702732    1.911849    0.100000
3.342014    -0.792229    0.100000
4.983213    0.068911    0.100000
-5.008638    0.244426    0.100000
18.209158    1.728581    0.100000
17.185419    -0.145073    0.100000
3.689484    -0.487108    0.100000
-7.866389    1.580255    0.100000
-18.280547    1.713288    0.100000
13.004823    -0.087015    0.100000
8.878484    1.084172    0.100000
9.148871    2.062160    0.100000
18.462989    2.271896    0.100000
17.878968    0.390974    0.100000
-6.596227    0.551726    0.100000
-7.917239    1.415071    0.100000
7.990083    -1.887445    0.100000
15.700262    -0.063457    0.100000
-10.270267    -0.585907    0.100000
2.702902    -0.625864    0.100000
-18.948099    1.593410    0.100000
1.981937    1.423126    0.100000
16.189952    0.915748    0.100000
-8.735701    -0.366518    0.100000
4.202481    -0.380567    0.100000
-2.626873    -1.891052    0.100000
17.908038    0.421501    0.100000
-12.120396    0.081362    0.100000
2.859623    -1.195350    0.100000
-2.331758    -0.783178    0.100000
-16.748203    2.297319    0.100000
15.281997    -0.468221    0.100000
